-0.125
 0.160
 0.215
 0.125
 0.125
 0.315
 0.370
 0.220
 0.205
 0.375
 0.425
 0.290
 0.240
 0.405
 0.490
 0.375
 0.275
 0.375
 0.540
 0.445
 0.335
 0.430
 0.610
 0.525
 0.395
 0.510
 0.660
 0.580
 0.495
 0.640
 0.780
 0.755
 0.625
 0.760
 0.905
 0.880
 0.805
 0.935
 1.055
 1.045
 0.945
 1.005
 1.200
 1.205
 1.080
 1.090
 1.260
 1.300
 1.145
 1.120
 1.295
 1.285
 1.115
 1.070
 1.175
 1.165
 0.980
 0.875
 0.955
 0.955
 0.745
 0.640
 0.745
 0.720
 0.540
 0.455
 0.590
 0.600
 0.435
 0.380
 0.510
 0.590
 0.385
 0.320
 0.455
 0.555
 0.415
 0.310
 0.470
 0.570
 0.470
 0.330
 0.485
 0.600
 0.520
 0.385
 0.510
 0.625
 0.555
 0.405
 0.500
 0.625
 0.535
 0.430
 0.535
 0.660
 0.565
 0.420
 0.520
 0.655
 0.560
 0.405
 0.470
 0.620
 0.520
 0.395
 0.450
 0.620
 0.525
 0.415
 0.415
 0.580
 0.540
 0.395
 0.390
 0.555
 0.545
 0.400
 0.375
 0.530
 0.600
 0.440
 0.415
 0.545
 0.590
 0.435
 0.430
 0.540
 0.585
 0.415
 0.385
 0.535
 0.605
 0.425
 0.390
 0.555
 0.600
 0.470
 0.420
 0.560
 0.650
 0.565
 0.485
 0.665
 0.830
 0.775
 0.665
 0.760
 0.885
 0.800
 0.570
 0.565
 0.660
 0.510
 0.345
 0.360
 0.550
 0.510
 0.360
 0.340
 0.540
 0.600
 0.395
 0.355
 0.485
 0.530
 0.330
 0.325
 0.465
 0.565
 0.360
 0.280
 0.420
 0.540
 0.415
 0.305
 0.430
 0.660
 0.835
 0.870
 0.980
 1.105
 1.305
 1.045
 0.310
-0.300
-0.830
-1.380
-1.730
-1.785
-1.985
-2.125
-1.560
-0.815
-0.360
-0.040
 0.325
 0.605
 0.615
 0.490
 0.555
 0.720
 0.715
 0.585
 0.570
 0.720
 0.795
 0.650
 0.600
 0.745
 0.805
 0.695
 0.635
 0.785
 0.900
 0.735
 0.655
 0.780
 0.900
 0.770
 0.720
 0.845
 0.930
 0.830
 0.775
 0.895
 1.020
 0.935
 0.870
 1.060
 1.140
 1.090
 0.960
 1.145
 1.280
 1.210
 1.095
 1.240
 1.400
 1.350
 1.215
 1.290
 1.415
 1.430
 1.280
 1.290
 1.445
 1.415
 1.255
 1.215
 1.345
 1.290
 1.100
 1.005
 1.120
 1.075
 0.905
 0.820
 0.890
 0.905
 0.720
 0.630
 0.700
 0.775
 0.605
 0.535
 0.600
 0.680
 0.570
 0.460
 0.495
 0.630
 0.585
 0.425
 0.445
 0.580
 0.620
 0.450
 0.450
 0.570
 0.640
 0.520
 0.475
 0.575
 0.645
 0.530
 0.425
 0.575
 0.665
 0.530
 0.420
 0.500
 0.610
 0.495
 0.405
 0.465
 0.635
 0.545
 0.380
 0.410
 0.620
 0.525
 0.390
 0.310
 0.510
 0.555
 0.370
 0.315
 0.440
 0.505
 0.385
 0.270
 0.380
 0.490
 0.375
 0.280
 0.385
 0.485
 0.325
 0.235
 0.315
 0.435
 0.335
 0.190
 0.300
 0.430
 0.315
 0.165
 0.270
 0.430
 0.325
 0.190
 0.235
 0.355
 0.340
 0.195
 0.220
 0.425
 0.470
 0.355
 0.355
 0.540
 0.610
 0.500
 0.365
 0.430
 0.460
 0.295
 0.090
 0.130
 0.200
 0.085
 0.015
 0.105
 0.250
 0.110
 0.010
 0.090
 0.265
 0.165
 0.025
 0.005
 0.150
 0.135
-0.050
-0.040
 0.085
 0.150
-0.015
-0.080
 0.025
 0.130
 0.010
-0.085
 0.145
 0.540
 0.595
 0.430
 0.495
 0.960
 0.910
 0.020
-0.655
-0.945
-1.240
-1.820
-2.030
-2.175
-2.210
-2.010
-1.520
-0.910
-0.480
-0.205
-0.090
 0.060
 0.195
 0.075
-0.020
 0.125
 0.245
 0.135
 0.030
 0.150
 0.275
 0.220
 0.050
 0.140
 0.295
 0.230
 0.085
 0.130
 0.290
 0.295
 0.150
 0.175
 0.330
 0.370
 0.230
 0.180
 0.315
 0.430
 0.295
 0.255
 0.425
 0.520
 0.405
 0.375
 0.535
 0.610
 0.525
 0.470
 0.640
 0.740
 0.680
 0.595
 0.735
 0.845
 0.785
 0.660
 0.785
 0.920
 0.865
 0.695
 0.715
 0.900
 0.775
 0.615
 0.630
 0.710
 0.615
 0.430
 0.385
 0.475
 0.405
 0.195
 0.135
 0.285
 0.245
 0.055
-0.005
 0.155
 0.110
-0.035
-0.080
 0.060
 0.095
-0.065
-0.110
 0.040
 0.090
-0.010
-0.110
-0.035
 0.140
 0.005
-0.115
 0.000
 0.130
 0.045
-0.115
 0.020
 0.125
 0.045
-0.080
 0.055
 0.195
 0.060
-0.085
-0.020
 0.130
 0.085
-0.090
-0.050
 0.110
 0.055
-0.060
-0.080
 0.075
 0.060
-0.045
-0.095
 0.025
 0.105
-0.065
-0.140
 0.000
 0.110
-0.025
-0.120
-0.005
 0.070
-0.030
-0.160
-0.055
 0.065
-0.055
-0.170
-0.055
 0.050
-0.080
-0.185
-0.085
 0.000
-0.065
-0.205
-0.115
 0.030
 0.000
-0.185
-0.160
-0.010
 0.010
-0.125
-0.145
-0.020
 0.070
 0.000
 0.015
 0.170
 0.265
 0.160
 0.090
 0.185
 0.205
 0.025
-0.160
-0.150
-0.080
-0.220
-0.270
-0.180
-0.035
-0.130
-0.295
-0.190
-0.030
-0.125
-0.300
-0.255
-0.100
-0.135
-0.305
-0.295
-0.155
-0.120
-0.295
-0.305
-0.110
-0.125
-0.290
-0.280
 0.005
 0.290
 0.300
 0.205
 0.375
 0.755
 0.255
-0.640
-1.235
-1.520
-2.075
-2.525
-2.635
-2.635
-2.565
-2.080
-1.350
-0.800
-0.470
-0.350
-0.175
-0.015
-0.090
-0.210
-0.060
 0.055
-0.015
-0.110
-0.035
 0.120
 0.040
-0.075
-0.040
 0.160
 0.110
-0.045
 0.000
 0.170
 0.160
-0.020
 0.040
 0.175
 0.220
 0.025
 0.085
 0.290
 0.315
 0.165
 0.180
 0.320
 0.370
 0.270
 0.300
 0.480
 0.540
 0.400
 0.395
 0.570
 0.685
 0.565
 0.485
 0.650
 0.765
 0.650
 0.535
 0.670
 0.795
 0.735
 0.600
 0.700
 0.785
 0.705
 0.505
 0.525
 0.630
 0.510
 0.320
 0.335
 0.430
 0.295
 0.095
 0.100
 0.215
 0.155
-0.095
-0.090
 0.020
 0.010
-0.150
-0.215
-0.065
-0.005
-0.170
-0.255
-0.130
-0.020
-0.155
-0.285
-0.180
-0.045
-0.135
-0.290
-0.155
-0.025
-0.110
-0.220
-0.135
-0.020
-0.090
-0.215
-0.110
-0.010
-0.100
-0.245
-0.130
 0.010
-0.020
-0.205
-0.140
 0.000
-0.090
-0.205
-0.210
-0.045
-0.070
-0.180
-0.250
-0.070
-0.080
-0.215
-0.290
-0.125
-0.075
-0.225
-0.290
-0.170
-0.060
-0.210
-0.325
-0.175
-0.105
-0.285
-0.325
-0.205
-0.100
-0.265
-0.310
-0.185
-0.120
-0.250
-0.340
-0.195
-0.120
-0.235
-0.315
-0.165
-0.060
-0.215
-0.305
-0.170
 0.015
-0.025
-0.095
 0.055
 0.150
 0.075
-0.115
-0.100
 0.005
-0.120
-0.370
-0.400
-0.215
-0.240
-0.350
-0.320
-0.235
-0.280
-0.380
-0.315
-0.185
-0.240
-0.430
-0.400
-0.230
-0.250
-0.435
-0.395
-0.275
-0.235
-0.400
-0.440
-0.310
-0.210
-0.225
-0.090
 0.235
 0.355
 0.270
 0.305
 0.500
-0.075
-0.950
-1.645
-1.940
-2.245
-2.540
-2.865
-2.845
-2.320
-1.750
-1.360
-0.800
-0.365
-0.250
-0.370
-0.285
-0.095
-0.095
-0.265
-0.235
-0.060
-0.040
-0.175
-0.210
-0.030
 0.000
-0.135
-0.205
-0.060
 0.065
-0.060
-0.170
-0.050
 0.090
-0.020
-0.095
 0.020
 0.130
 0.025
-0.040
 0.060
 0.190
 0.110
 0.025
 0.190
 0.315
 0.235
 0.135
 0.295
 0.445
 0.375
 0.280
 0.415
 0.585
 0.565
 0.395
 0.425
 0.620
 0.635
 0.490
 0.500
 0.635
 0.620
 0.480
 0.475
 0.585
 0.520
 0.340
 0.275
 0.395
 0.340
 0.125
 0.015
 0.160
 0.085
-0.110
-0.155
-0.035
-0.050
-0.265
-0.345
-0.200
-0.155
-0.330
-0.435
-0.340
-0.230
-0.330
-0.480
-0.365
-0.240
-0.330
-0.475
-0.410
-0.235
-0.295
-0.495
-0.395
-0.225
-0.270
-0.425
-0.410
-0.235
-0.275
-0.425
-0.420
-0.250
-0.265
-0.450
-0.460
-0.310
-0.265
-0.445
-0.510
-0.335
-0.290
-0.405
-0.485
-0.370
-0.290
-0.410
-0.555
-0.425
-0.305
-0.410
-0.525
-0.480
-0.300
-0.390
-0.540
-0.535
-0.375
-0.435
-0.540
-0.545
-0.420
-0.410
-0.565
-0.585
-0.420
-0.430
-0.585
-0.595
-0.445
-0.380
-0.550
-0.635
-0.505
-0.435
-0.535
-0.605
-0.490
-0.390
-0.465
-0.560
-0.420
-0.250
-0.250
-0.375
-0.320
-0.210
-0.315
-0.550
-0.610
-0.500
-0.575
-0.760
-0.770
-0.550
-0.520
-0.685
-0.760
-0.570
-0.515
-0.680
-0.780
-0.665
-0.570
-0.700
-0.835
-0.705
-0.585
-0.680
-0.795
-0.750
-0.585
-0.640
-0.800
-0.715
-0.365
-0.115
-0.205
-0.215
 0.015
 0.290
-0.380
-1.200
-1.675
-2.025
-2.650
-3.090
-3.195
-3.155
-2.970
-2.335
-1.615
-1.165
-0.940
-0.760
-0.555
-0.490
-0.635
-0.700
-0.525
-0.415
-0.550
-0.625
-0.440
-0.380
-0.490
-0.595
-0.425
-0.355
-0.465
-0.540
-0.430
-0.295
