0.16
0.18
0.17
0.18
0.18
0.17
0.17
0.13
0.13
0.1
0.06
0.04
0.01
-0.01
-0.02
-0.02
-0.02
-0.03
0
0
0
0.02
0.03
0.04
0.03
0.07
0.05
0.06
0.05
0.05
0.05
0.05
0.06
0.05
0.05
0.03
0.03
0.03
0.02
0.02
0.02
0.01
0
0
0
-0.01
0
-0.01
-0.01
-0.01
-0.01
-0.01
-0.02
-0.02
-0.01
-0.01
0
0.06
0.05
0.09
0.11
0.16
0.13
0.05
0.03
-0.09
-0.12
-0.09
-0.08
-0.09
-0.08
-0.08
-0.07
-0.08
0.09
0.45
0.79
-1.17
-1.91
-1.64
-1.28
-0.52
-0.15
-0.03
-0.03
0.01
0.03
0.05
0.06
0.08
0.09
0.1
0.13
0.14
0.16
0.15
0.18
0.2
0.22
0.22
0.26
0.28
0.28
0.3
0.29
0.29
0.27
0.24
0.21
0.17
0.13
0.1
0.05
0.03
0.04
0.05
0.04
0.05
0.06
0.06
0.06
0.06
0.05
0.04
0.07
0.06
0.07
0.06
0.08
0.08
0.08
0.09
0.1
0.1
0.09
0.09
0.09
0.08
0.07
0.07
0.06
0.05
0.05
0.05
0.02
0.04
0.03
0.01
0.01
0
0.01
0
0
0
0
-0.02
-0.01
-0.01
-0.02
-0.02
-0.02
-0.02
0.02
0.02
0.06
0.06
0.14
0.1
0.02
-0.02
-0.13
-0.13
-0.13
-0.1
-0.1
-0.1
-0.11
-0.11
-0.09
0.16
0.43
0.75
-1.52
-1.93
-1.36
-1.11
-0.44
-0.08
-0.06
-0.04
0
0.02
0.05
0.06
0.06
0.09
0.09
0.1
0.12
0.14
0.14
0.16
0.19
0.21
0.21
0.24
0.25
0.25
0.25
0.26
0.24
0.21
0.19
0.17
0.11
0.07
0.05
0.01
0.01
-0.01
0.01
0
0.01
0.02
0.01
0.01
0.02
0.02
0.01
0.01
0.02
0.02
0.02
0.02
0.02
0.02
0.02
0.03
0.03
0.02
0.02
0.02
0.03
0.01
0.01
0
-0.02
0
-0.01
-0.02
-0.02
-0.02
-0.02
-0.03
-0.04
-0.05
-0.05
-0.06
-0.06
-0.06
-0.06
-0.06
-0.06
-0.06
-0.06
-0.02
-0.02
-0.01
0.03
0.08
0.09
0
-0.05
-0.13
-0.18
-0.16
-0.15
-0.13
-0.13
-0.14
-0.13
-0.14
-0.04
0.34
0.71
-1.05
-1.87
-1.58
-1.25
-0.54
-0.17
-0.07
-0.07
-0.03
-0.01
0.01
0.02
0.03
0.04
0.04
0.04
0.06
0.08
0.08
0.09
0.1
0.11
0.12
0.14
0.15
0.17
0.15
0.16
0.14
0.12
0.12
0.08
0.04
0.03
0.01
-0.02
-0.03
-0.01
-0.03
-0.01
0
0.01
0.01
0.02
0.02
0.01
0
0
0.01
0.01
0.02
0.01
0.01
0.03
0.03
0.01
0.02
0.01
0.03
0.01
-0.01
0.01
0.01
0
-0.01
-0.01
-0.01
-0.02
-0.01
-0.01
-0.02
-0.05
-0.02
-0.03
-0.02
-0.05
-0.03
-0.04
-0.04
-0.01
0.03
-0.02
0.07
0.06
0.13
0.1
0.03
-0.02
-0.12
-0.14
-0.15
-0.11
-0.13
-0.13
-0.14
-0.12
-0.14
0.08
0.34
0.67
-0.81
-1.64
-1.35
-1.11
-0.61
-0.21
-0.11
-0.09
-0.06
-0.03
-0.03
0
0
0.01
0.02
0.04
0.05
0.04
0.06
0.08
0.08
0.1
0.12
0.14
0.15
0.17
0.17
0.17
0.16
0.15
0.14
0.1
0.1
0.06
0.02
0
0.01
-0.02
-0.02
-0.01
-0.02
0.01
0
0
0.01
0.01
0.01
0.02
0.02
0.03
0.02
0.03
0.03
0.02
0.03
0.02
0.01
0.01
0.01
-0.01
0
0
0.01
-0.02
0
-0.01
-0.02
-0.01
-0.01
-0.02
-0.02
-0.02
-0.02
-0.02
-0.03
-0.02
-0.02
-0.04
-0.02
0.02
0.04
0.04
0.08
0.12
0.15
0.06
0.01
-0.05
-0.14
-0.11
-0.12
-0.11
-0.1
-0.1
-0.08
-0.1
-0.03
0.35
0.61
-0.46
-1.88
-1.9
-1.25
-0.63
-0.26
-0.03
-0.04
0
0.02
0.04
0.05
0.07
0.07
0.09
0.1
